188.72500610351562
182.64999389648438
323.17498779296875
219.02499389648438
258.29998779296875
206.3000030517578
236.47500610351562
374.625
459.42498779296875
335.92498779296875
310.1499938964844
440.8999938964844
515.9500122070312
559.4000244140625
455.8999938964844
602.1749877929688
538.5250244140625
579.1749877929688
525.5
535.5
782.6749877929688
766.625
622.7750244140625
828.375
575.1500244140625
698.0499877929688
732.7000122070312
676.8499755859375
685.125
913.4749755859375
729.9500122070312
657.1749877929688
726.8499755859375
951.3250122070312
685.25
660.3250122070312
784.875
782.0999755859375
792.1749877929688
741.5250244140625
683.6500244140625
796.0750122070312
683.0250244140625
688.0250244140625
770.9000244140625
1150.5
708.125
855.4249877929688
918.7750244140625
851.9249877929688
902.9000244140625
988.125
1046.4000244140625
1044.0250244140625
1097.925048828125
659.5750122070312
1088.324951171875
1168.1500244140625
958.2000122070312
1040.0
1018.4500122070312
658.625
1007.0499877929688
946.7999877929688
939.2000122070312
1048.5250244140625
1081.125
950.0
1069.0999755859375
1060.324951171875
1319.949951171875
1007.3499755859375
1022.0999755859375
1077.0250244140625
1275.550048828125
972.8250122070312
1137.0250244140625
1274.699951171875
1317.875
1445.199951171875
1004.7249755859375
1380.7249755859375
1183.0250244140625
1322.9000244140625
1068.4000244140625
961.5
1464.0999755859375
1202.375
1577.4000244140625
1170.175048828125
1491.125
1648.675048828125
1512.5250244140625
1274.3499755859375
1433.300048828125
1288.0999755859375
1582.0
1186.4000244140625
1148.574951171875
1439.625
1591.3499755859375
1532.2249755859375
1632.6500244140625
1318.0999755859375
1487.6500244140625
1797.800048828125
1798.699951171875
1812.6500244140625
1787.8499755859375
1716.050048828125
1529.0999755859375
1412.699951171875
1380.7750244140625
1597.0250244140625
2053.85009765625
1744.0999755859375
1542.449951171875
1779.375
1848.3499755859375
1853.824951171875
1687.0
1564.949951171875
1747.074951171875
1532.4749755859375
1683.9749755859375
1345.125
1662.7750244140625
1714.7249755859375
1471.125
2050.699951171875
2019.4000244140625
2006.2750244140625
2152.22509765625
2025.875
2096.949951171875
1832.824951171875
2038.074951171875
2212.0
2047.5250244140625
1811.9749755859375
2231.699951171875
2025.425048828125
2064.97509765625
2363.625
2128.64990234375
1785.449951171875
2380.5
2237.22509765625
1571.574951171875
2134.074951171875
2206.425048828125
1983.5999755859375
1850.574951171875
2320.949951171875
2401.175048828125
2125.375
2515.875
2377.824951171875
1980.675048828125
2027.2750244140625
2046.7249755859375
2263.89990234375
1984.3499755859375
2351.199951171875
2520.199951171875
2268.625
2478.22509765625
2126.64990234375
2129.949951171875
1936.7249755859375
2029.449951171875
1660.425048828125
1954.2750244140625
2298.574951171875
1701.449951171875
2123.64990234375
2476.449951171875
2337.300048828125
2512.949951171875
2099.35009765625
2400.35009765625
1971.925048828125
2391.72509765625
2510.0
2755.85009765625
2726.324951171875
2092.85009765625
2491.125
2146.89990234375
2297.949951171875
2472.550048828125
3165.14990234375
2555.64990234375
2538.300048828125
2971.050048828125
3031.35009765625
2902.10009765625
2342.550048828125
2572.625
2140.97509765625
2697.675048828125
2910.324951171875
2929.0
3329.375
2914.949951171875
2701.125
2940.97509765625
3479.425048828125
2650.199951171875
2374.27490234375
2707.800048828125
2619.77490234375
3041.449951171875
2241.449951171875
1720.6500244140625
2795.22509765625
2853.074951171875
2859.625
2267.050048828125
3383.074951171875
2308.125
1987.125
2632.949951171875
3895.550048828125
3166.77490234375
3188.35009765625
2483.60009765625
3833.425048828125
2522.22509765625
3863.074951171875
2974.52490234375
3334.02490234375
4218.0498046875
3687.574951171875
2676.625
2795.97509765625
3369.39990234375
2212.27490234375
3143.02490234375
4335.125
3999.875
4904.02490234375
5314.7001953125
3419.199951171875
5184.9248046875
3807.625
3935.125
5256.27490234375
4069.125
4264.5751953125
2789.675048828125
4168.0498046875
4021.125
4331.3251953125
5187.52490234375
3149.324951171875
5257.3251953125
4600.875
4706.25
4608.6748046875
6123.64990234375
5611.375
4842.0751953125
4285.0498046875
5067.85009765625
5583.4501953125
4987.72509765625
5860.125
6887.75
2611.22509765625
5861.22509765625
6255.1748046875
7415.72509765625
7001.7001953125
6032.3251953125
5700.625
3427.77490234375
4375.9248046875
8647.349609375
7251.0
7555.9248046875
2895.550048828125
4736.8251953125
8887.349609375
5340.47509765625
7656.64990234375
3731.0
6521.85009765625
8206.4248046875
6114.5498046875
5455.2998046875
6817.9248046875
4840.25
5231.0751953125
3244.39990234375
7147.9501953125
4764.02490234375
4450.0498046875
4869.6748046875
6159.7998046875
6921.75
7234.875
7205.4248046875
6414.14990234375
5974.9248046875
10149.6748046875
7058.125
9403.224609375
9727.0
7756.0751953125
11447.375
7622.875
13414.5498046875
7996.39990234375
10924.7998046875
11736.5
14730.625
6326.77490234375
8948.0498046875
6618.9248046875
8037.02490234375
8673.150390625
10596.75
12694.7998046875
6425.77490234375
2864.125
6057.10009765625
8900.349609375
8572.1748046875
7065.625
5931.5751953125
12369.2001953125
9663.9501953125
11688.2001953125
8851.775390625
8512.5
4173.5751953125
8562.0
10598.7001953125
11899.599609375
11326.5751953125
10694.724609375
13438.9248046875
5424.5
11454.849609375
14022.974609375
6033.7998046875
8973.275390625
14017.349609375
10585.625
4177.35009765625
11730.0751953125
10841.5498046875
13969.849609375
9857.0
15006.125
13151.3251953125
10136.849609375
6012.02490234375
7786.125
7791.35009765625
3212.375
12209.875
12707.474609375
9807.3251953125
20569.099609375
13408.0751953125
11171.4248046875
9959.875
9634.224609375
6635.14990234375
14598.5
8562.5498046875
13278.025390625
11424.7998046875
9861.224609375
8227.650390625
9322.5751953125
17226.099609375
11242.400390625
15018.4501953125
16099.1748046875
16721.150390625
14409.4248046875
10015.400390625
15767.9248046875
11298.474609375
15279.4501953125
19001.875
6623.375
11999.7001953125
10048.375
12487.2998046875
11851.0
10059.724609375
13027.525390625
5769.64990234375
12914.4501953125
12669.650390625
13591.5751953125
7057.72509765625
17222.67578125
12894.6748046875
8773.849609375
10974.125
7636.1748046875
10443.900390625
15575.525390625
17057.775390625
15184.650390625
16117.4501953125
11555.349609375
16462.67578125
17088.724609375
7317.625
11757.900390625
3904.449951171875
6005.3251953125
20094.25
11399.2998046875
19316.17578125
8175.0498046875
20524.875
21166.30078125
18922.625
11893.2001953125
18813.67578125
9881.5
16258.6748046875
11265.0498046875
15169.2998046875
6797.3251953125
7730.5
18429.30078125
11849.349609375
5980.1748046875
7446.5751953125
19185.44921875
10066.525390625
17284.25
16954.57421875
12055.125
15974.525390625
8068.0
9343.849609375
16642.349609375
11916.2001953125
17522.625
11581.349609375
9143.5751953125
19167.05078125
15728.9501953125
10951.25
7722.125
16428.92578125
13820.525390625
14306.2001953125
9093.849609375
18838.30078125
10657.150390625
14585.474609375
19121.17578125
12959.1748046875
5743.4248046875
16436.150390625
23846.599609375
12353.4501953125
10672.775390625
22785.19921875
12034.7001953125
18393.599609375
16752.849609375
12596.4501953125
11467.3251953125
13802.275390625
8905.724609375
19589.150390625
15893.3251953125
