2461.0
298.0
2592.0
2173.0
2758.0
2427.0
3027.0
2782.0
3532.0
3205.0
4220.0
4666.0
5240.0
4371.0
6459.0
6439.0
6350.0
5894.0
6880.0
6772.0
6573.0
7183.0
6552.0
7525.0
7082.0
7573.0
8078.0
6210.0
7434.0
8499.0
7950.0
7009.0
8045.0
8737.0
7252.0
8096.0
6601.0
8762.0
7684.0
7743.0
7721.0
7546.0
7389.0
7705.0
7862.0
7008.0
7298.0
9194.0
7219.0
8771.0
8336.0
8540.0
8723.0
9098.0
7251.0
8816.0
7967.0
8239.0
8506.0
9384.0
8217.0
9185.0
8805.0
8305.0
8649.0
7634.0
8507.0
8446.0
7968.0
7375.0
8138.0
9300.0
8106.0
6815.0
9400.0
9045.0
8887.0
9125.0
9460.0
8554.0
9236.0
9829.0
9156.0
9157.0
9774.0
9055.0
7824.0
9338.0
9111.0
8377.0
9414.0
8536.0
7990.0
9509.0
9383.0
9380.0
9417.0
9582.0
9130.0
8787.0
9422.0
9578.0
8910.0
9971.0
10889.0
9280.0
10037.0
9742.0
8822.0
10249.0
9642.0
9607.0
9036.0
10135.0
9299.0
9709.0
10186.0
11009.0
10154.0
10149.0
8973.0
10443.0
10155.0
8208.0
10298.0
10003.0
7665.0
8753.0
9816.0
8766.0
9167.0
10189.0
9569.0
9288.0
9617.0
8284.0
